1000
3000
2000
4000
5000
6000
7000
8000
9000
10000
11000
12
13
14
15
0 
0 
375 
2450 
100 
3000 
200 
775 
1625 
0 
3050 
0 
2075 
425 
950 
0 
0 
725 
975 
1150 
675 
2100 
3475 
19375 
1725 
2000 
0 
775 
1725 
1750 
1200 
1725 
1575 
1525 
1400 
1125 
1100 
3875 
875 
2600 
1100 
13200 
1000 
625 
650 
5000 
0 
25 
775 
25 
1275 
0 
0 
1000 
625 
1700 
1700 
0 
275 
0 
0 
0 
900 
950 
400 
1250 
1575 
1100 
15825 
575 
10125 
3800 
1725 
425 
3475 
175 
0 
100 
75 
0 
50 
2875 
175 
75 
3675 
25 
775 
2475 
725 
975 
0 
3750 
0 
25 
975 
300 
1025 
8325 
950 
25 
325 
75 
475 
1175 
1500 
1050 
275 
0 
0 
25 
200 
1075 
0 
25 
0 
0 
75 
675 
1050 
50 
1200 
1025 
1025 
2250 
3100 
0 
1625 
0 
850 
0 
0 
225 
1350 
1400 
500 
2200 
3700 
450 
75 
600 
0 
675 
650 
0 
1850 
625 
2350 
675 
3325 
0 
1325 
900 
1150 
300 
0 
2350 
1200 
0 
0 
725 
2625 
700 
775 
0 
225 
1900 
575 
650 
1250 
3400 
625 
6475 
3175 
4275 
4050 
1500 
625 
200 
25 
50 
25 
4325 
7375 
550 
16775 
1100 
800 
3125 
600 
2625 
0 
0 
25 
425 
0 
25 
75 
50 
0 
0 
25 
125 
225 
150 
25 
25 
135 
50 
230 
350 
0 
260 
25 
0 
465 
200 
725 
50 
170 
75 
160 
585 
395 
160 
395 
335 
2130 
0 
515 
455 
975 
25 
230 
110 
1040 
260 
310 
2830 
